5 0.461818 0.849727 0.072727 0.060109
5 0.298182 0.857923 0.065455 0.054645
5 0.643636 0.620219 0.043636 0.049180
5 0.543636 0.625683 0.054545 0.060109
5 0.687273 0.510929 0.036364 0.038251
5 0.609091 0.516393 0.040000 0.038251
5 0.670909 0.448087 0.032727 0.043716
5 0.610909 0.453552 0.029091 0.032787
5 0.627273 0.409836 0.025455 0.021858
5 0.581818 0.412568 0.021818 0.027322
5 0.738182 0.281421 0.029091 0.092896
5 0.952727 0.289617 0.029091 0.131148
5 0.567273 0.382514 0.021818 0.032787
5 0.527273 0.390710 0.021818 0.038251
5 0.085455 0.530055 0.047273 0.054645
5 0.181818 0.467213 0.029091 0.038251
5 0.209091 0.428962 0.032727 0.038251
5 0.194545 0.393443 0.025455 0.021858
5 0.461818 0.363388 0.036364 0.049180
5 0.500000 0.360656 0.025455 0.032787
5 0.429091 0.344262 0.021818 0.032787
5 0.398182 0.349727 0.018182 0.021858
5 0.561818 0.259563 0.025455 0.060109
5 0.172727 0.366120 0.032727 0.032787
5 0.134545 0.360656 0.014545 0.021858
5 0.358182 0.330601 0.018182 0.027322
5 0.330909 0.338798 0.021818 0.032787
5 0.361818 0.262295 0.025455 0.065574
5 0.965455 0.385246 0.032727 0.027322
5 0.852727 0.360656 0.025455 0.032787
5 0.649091 0.327869 0.025455 0.032787
5 0.747273 0.344262 0.018182 0.032787
5 0.558182 0.316940 0.018182 0.021858
