5 0.458182 0.849727 0.065455 0.060109
5 0.292727 0.849727 0.083636 0.081967
5 0.545455 0.633880 0.080000 0.076503
5 0.652727 0.617486 0.061818 0.065574
5 0.610909 0.519126 0.036364 0.032787
5 0.689091 0.510929 0.025455 0.027322
5 0.087273 0.527322 0.050909 0.038251
5 0.178182 0.469945 0.036364 0.043716
5 0.209091 0.434426 0.032727 0.038251
5 0.961818 0.385246 0.025455 0.038251
5 0.852727 0.360656 0.025455 0.043716
5 0.749091 0.341530 0.029091 0.027322
5 0.650909 0.333333 0.029091 0.032787
5 0.529091 0.385246 0.018182 0.027322
5 0.565455 0.377049 0.025455 0.032787
5 0.672727 0.456284 0.029091 0.038251
5 0.614545 0.456284 0.021818 0.016393
5 0.583636 0.412568 0.025455 0.027322
5 0.629091 0.409836 0.021818 0.032787
5 0.952727 0.267760 0.021818 0.098361
5 0.738182 0.270492 0.021818 0.081967
5 0.561818 0.267760 0.018182 0.065574
5 0.361818 0.262295 0.018182 0.054645
5 0.465455 0.366120 0.021818 0.032787
5 0.501818 0.360656 0.014545 0.021858
5 0.170909 0.377049 0.014545 0.021858
5 0.198182 0.398907 0.018182 0.021858
