5 0.763158 0.632530 0.289474 0.518072
5 0.526316 0.515060 0.157895 0.319277
5 0.394737 0.433735 0.118421 0.216867
5 0.322368 0.382530 0.085526 0.150602
5 0.282895 0.346386 0.059211 0.126506
5 0.238487 0.322289 0.055921 0.114458
5 0.157895 0.274096 0.039474 0.078313
5 0.957237 0.307229 0.039474 0.072289
5 0.907895 0.313253 0.032895 0.072289
5 0.868421 0.304217 0.032895 0.066265
5 0.828947 0.292169 0.026316 0.066265
5 0.797697 0.286145 0.036184 0.066265
5 0.766447 0.286145 0.026316 0.054217
5 0.738487 0.274096 0.029605 0.054217
5 0.713816 0.277108 0.026316 0.060241
5 0.690789 0.280120 0.026316 0.054217
5 0.667763 0.274096 0.026316 0.054217
